10 59.5
20 57.4
30 55.05
40 51.325
50 47.2875
60 43.2
70 38.475
80 33.475
90 28.25
100 23.6625
110 19.425
120 15.6125
130 12.475
140 10.1625
150 8.1375
150 8.1375
150 8.1375
30 54.897596993969756
40 51.12681690083939
90 28.299744447025788
90 28.299744447025788
90 28.299744447025788
30 54.897596993969756
40 51.12681690083939
50 47.22095736406703
60 43.193432389571825
70 38.514711972606335
80 33.55631761295341
90 28.299744447025788
100 23.668962939768285
110 19.432692599064655
120 15.51627761335744
130 12.524317936182463
140 10.14018040221816
150 8.144079352733812
160 6.571761901394935
170 5.099675760850901
180 3.9528590620296766
190 3.1823718952333815
200 2.722053312592802
220 2.090625347218715
180 3.9528590620296766
190 3.1823718952333815
50 47.22092706134281
60 43.193442490479896
70 38.514711972606335
80 33.556307512045336
90 28.29976464884193
100 23.668983141584427
110 19.432692599064655
120 15.51627761335744
130 12.524328037090534
140 10.14018040221816
150 8.144079352733812
160 6.571761901394935
170 5.099675760850901
180 3.9528590620296766
190 3.1823718952333815
200 2.722053312592802
