10 0.55696202531664
20 1.9898734177216664
30 4.073417721519485
40 7.1335443037974136
50 8.713765822784682
60 9.908860759493525
70 12.379113924050413
80 10.252531645569492
90 11.202531645569621
100 10.277056962025235
110 8.981645569620188
120 8.56946202531643
130 7.290506329113928
140 5.479588607594944
150 3.7656645569620366
150 3.7656645569620366
150 3.7656645569620366
30 3.627291296210921
40 5.385927412222047
90 10.767495793277906
90 10.767495793277906
90 10.767495793277906
30 3.627291296210921
40 5.385927412222047
50 7.5269854309190505
60 7.934926967067546
70 10.117927495069841
80 10.033214658070337
90 10.767495793277906
100 9.697494165909381
110 8.594401486200702
120 7.378969885111885
130 6.790683884531718
140 5.271177539171867
150 3.565099516288928
160 3.110711288601415
170 3.0510949453729594
180 1.843424174166592
190 1.660952277086478
200 1.270047888915314
220 1.0170394887348866
180 1.843424174166592
190 1.660952277086478
50 7.527029124386722
60 7.934791746109198
70 10.117927495069841
80 10.03321579569781
90 10.76762509612458
100 9.697568146796629
110 8.594401486200702
120 7.378969885111885
130 6.790784403259261
140 5.271177539171867
150 3.565099516288928
160 3.110711288601415
170 3.0510949453729594
180 1.843424174166592
190 1.660952277086478
200 1.270047888915314
50 7.526898985512138
60 7.934791746109198
70 10.117927495069841
80 10.03321579569781
90 10.767511949629267
100 9.697494165909381
110 8.594401486200702
120 7.378969885111885
130 6.790784403259261
140 5.271124202092028
150 3.565099516288928
160 3.110711288601415
170 3.0510949453729594
